Define CharList
 ( 'A', 'B', 'C', 'D', 'E', 'F', 'G', 'H', 'I', 'J', 'K', 'L', 'M', 'N', 'O', 'P',
   'Q', 'R', 'S', 'T', 'U', 'V', 'W', 'X', 'Y', 'Z', 'a', 'b', 'c', 'd', 'e', 'f',
   'g', 'h', 'i', 'j', 'k', 'l', 'm', 'n', 'o', 'p', 'q', 'r', 's', 't', 'u', 'v',
   'w', 'x', 'y', 'z', '0', '1', '2', '3', '4', '5', '6', '7', '8', '9');

Define WidthList
 (  93,  93,  93,  93,  93,  93,  93,  93,  93,  93,  93,  93,  93,  93,  93,  93,
    93,  93,  69,  93,  93,  93,  93,  93,  93,  92,  69,  70,  69,  70,  69,  70,
    69,  70,  47,  70,  70,  47,  93,  70,  92,  70,  70,  69,  69,  70,  79,  70,
    93,  92,  70,  92,  92,  69,  69,  69,  69,  70,  69,  69,  69,  70);

Define RectList
 ( (   0,  0, 64,136), (  65,  0, 63,136), ( 129,  0, 63,136), ( 193,  0, 64,136),
   ( 258,  0, 63,136), ( 322,  0, 63,136), ( 386,  0, 64,136), ( 451,  0, 64,136),
   ( 516,  0, 63,136), ( 580,  0, 64,136), ( 645,  0, 64,136), ( 710,  0, 63,136),
   ( 774,  0, 64,136), ( 839,  0, 64,136), ( 904,  0, 64,136), ( 969,  0, 64,136),
   (1034,  0, 64,136), (1099,  0, 64,136), (1164,  0, 41,136), (1206,  0, 63,136),
   (1270,  0, 64,136), (1335,  0, 64,136), (1400,  0, 64,136), (1465,  0, 63,136),
   (1529,  0, 63,136), (1593,  0, 65,136), (1659,  0, 42,136), (1702,  0, 41,136),
   (1744,  0, 41,136), (1786,  0, 41,136), (1828,  0, 41,136), (1870,  0, 40,136),
   (1911,  0, 41,136), (1953,  0, 40,136), (1994,  0, 17,136), (2012,  0, 41,136),
   (2054,  0, 41,136), (2096,  0, 17,136), (2114,  0, 63,136), (2178,  0, 40,136),
   (2219,  0, 64,136), (2284,  0, 41,136), (2326,  0, 41,136), (2368,  0, 41,136),
   (2410,  0, 43,136), (2454,  0, 40,136), (2495,  0, 40,136), (2536,  0, 40,136),
   (2577,  0, 64,136), (2642,  0, 64,136), (2707,  0, 41,136), (2749,  0, 66,136),
   (2816,  0, 64,136), (2881,  0, 41,136), (2923,  0, 42,136), (2966,  0, 43,136),
   (3010,  0, 42,136), (3053,  0, 41,136), (3095,  0, 41,136), (3137,  0, 42,136),
   (3180,  0, 41,136), (3222,  0, 41,136));

Define OffsetList
 ( (15, 0), (15, 0), (15, 0), (15, 0), (15, 0), (15, 0), (15, 0), (15, 0),
   (15, 0), (15, 0), (15, 0), (15, 0), (15, 0), (15, 0), (14, 0), (15, 0),
   (15, 0), (15, 0), (14, 0), (15, 0), (15, 0), (14, 0), (15, 0), (15, 0),
   (15, 0), (14, 0), (13, 0), (15, 0), (14, 0), (15, 0), (14, 0), (15, 0),
   (14, 0), (15, 0), (15, 0), (15, 0), (14, 0), (15, 0), (15, 0), (15, 0),
   (14, 0), (15, 0), (15, 0), (14, 0), (13, 0), (15, 0), (15, 0), (15, 0),
   (15, 0), (14, 0), (15, 0), (13, 0), (14, 0), (14, 0), (13, 0), (13, 0),
   (13, 0), (15, 0), (14, 0), (14, 0), (14, 0), (15, 0));

CreateLayer               Main;
LayerSetImage             Main 'Stick72Bold';
LayerSetAscent            Main 104;
LayerSetCharWidths        Main CharList WidthList;
LayerSetCharWidths        Main (' ') (56);
LayerSetImageMap          Main CharList RectList;
LayerSetCharOffsets       Main CharList OffsetList;
LayerSetAscentPadding     Main 8;
LayerSetLineSpacingOffset Main 8;
LayerSetPointSize         Main 72;

SetDefaultPointSize  72;
